0.4696859021183345
0.5266617969320673
0.531044558071585
0.422936449963477
0.5595325054784515
0.5383491599707816
0.4974433893352812
0.5734112490869248
0.5690284879474069
0.49890430971512056
0.3710737764791819
0.5668371073776479
0.42951059167275374
0.5295836376917458
0.4981738495252009
0.46749452154857557
0.44923301680058436
0.620891161431702
0.5609934258582908
0.5858290723155588
0.4754607481825675
0.5361385449853395
0.5449242823342137
0.44023254671052703
0.5524619216077444
0.5949431822034026
0.49514241257983294
0.6078417547398267
0.556786443170534
0.500085206075393
0.426674700625973
0.5439684071195183
0.4478495246041613
0.5560085462958814
0.4942826378637476
0.47532293611142057
0.4699567578263837
0.5846600467936469
0.5790230537214496
0.5882775907977651
