0.5514974433893353
0.5295836376917458
0.5836376917457999
0.6442658875091307
0.5237399561723887
0.5785244704163623
0.5047479912344777
0.476990504017531
0.5989773557341125
0.5821767713659606
0.6785975164353543
0.6281957633308985
0.6902848794740686
0.535427319211103
0.6018991964937911
0.6347699050401753
0.574872169466764
0.5164353542731921
0.631117604090577
0.5690284879474068
0.539731076015407
0.5043266355196441
0.6398698845353488
0.6054890860693752
0.5842954337899839
0.5865430124811337
0.493148038539445
0.5332678222243237
0.6362457210390355
0.5963360077296821
0.741801304442367
0.618062835877031
0.6740049992566559
0.5294735711888824
0.5719897699280501
0.6378795049592771
0.5957293700844108
0.48116492785567255
0.6138598420829766
0.6038348538586753
