0.645
0.845
0.7275
0.755
0.7975000000000001
0.7650000000000001
0.71
0.8350000000000001
0.8225
0.765
0.8075
0.7175
0.74
0.8675000000000002
0.8125
0.6825
0.685
0.625
0.77
0.7175
0.7366717685874034
0.8466266822932126
0.7955529119659557
0.737369609093747
0.7906291535697113
0.7854214984362043
0.7471571106444743
0.874991973111168
0.8678275082405518
0.7595447037947038
0.8776222671717668
0.738233789257396
0.7047028544986245
0.9049028675572794
0.817958079452312
0.6718550174960021
0.7601795475324886
0.6420020637964188
0.7999425116507162
0.719380082631962
