0.6749999999999999
0.6000000000000001
0.5925
0.45000000000000007
0.3425
0.46249999999999997
0.5475000000000001
0.5999999999999999
0.7025
0.5325
0.5050000000000001
0.48250000000000004
0.6
0.49
0.4825
0.54
0.635
0.5475
0.6599999999999999
0.4075
0.6123730130516906
0.6102600140293218
0.6452548192643741
0.47310357531126923
0.40603501544080517
0.5517036926971391
0.5037636812431652
0.5928925088903537
0.6868434239664528
0.5382221594714376
0.49547401822443066
0.4898918110099652
0.5775147960136765
0.518777193674381
0.5171188934744455
0.578876273464746
0.6280188067041516
0.49833493519067074
0.6332245078843529
0.5105446690165384
