0.8499999999999999
0.8474999999999999
0.8499999999999999
0.8499999999999999
0.8499999999999999
0.8474999999999999
0.8474999999999999
0.8474999999999999
0.8499999999999999
0.8499999999999999
0.8474999999999999
0.0
0.8474999999999999
0.8474999999999999
0.8499999999999999
0.8499999999999999
0.8474999999999999
0.8499999999999999
0.8474999999999999
0.8499999999999999
0.8499999999999999
0.8474999999999999
0.8474999999999999
0.8474999999999999
0.8474999999999999
0.8499999999999999
0.8499999999999999
0.8474999999999999
0.8474999999999999
0.8474999999999999
0.8474999999999999
0.8474999999999999
0.8499999999999999
0.8499999999999999
0.8499999999999999
0.8499999999999999
0.8474999999999999
0.8474999999999999
0.8499999999999999
0.8499999999999999
0.8474999999999999
0.8474999999999999
0.8499999999999999
0.8474999999999999
0.8499999999999999
0.8474999999999999
0.8499999999999999
0.8499999999999999
0.8474999999999999
0.8499999999999999
0.889572822105431
0.8864775840101927
0.889572822105431
0.889572822105431
0.889572822105431
0.8864775840101927
0.8864775840101927
0.8864775840101927
0.889572822105431
0.889572822105431
0.8864775840101927
0.5
0.8864775840101927
0.8864775840101927
0.889572822105431
0.889572822105431
0.8864775840101927
0.889572822105431
0.8864775840101927
0.889572822105431
0.889572822105431
0.8864775840101927
0.8864775840101927
0.8864775840101927
0.8864775840101927
0.889572822105431
0.889572822105431
0.8864775840101927
0.8864775840101927
0.8864775840101927
0.8864775840101927
0.8864775840101927
0.889572822105431
0.889572822105431
0.889572822105431
0.889572822105431
0.8864775840101927
0.8864775840101927
0.889572822105431
0.889572822105431
0.8864775840101927
0.8864775840101927
0.889572822105431
0.8864775840101927
0.889572822105431
0.8864775840101927
0.889572822105431
0.889572822105431
0.8864775840101927
0.889572822105431
