0.595
0.6675
0.5925
0.6275
0.7975
0.7449999999999999
0.6425000000000001
0.625
0.5575000000000001
0.685
0.5825
0.5725
0.6824999999999999
0.7125
0.6575
0.515
0.6725
0.47000000000000003
0.5475000000000001
0.5750000000000001
0.6258099231767711
0.6561643847505116
0.6073886364547377
0.6395922077158733
0.7652715546407497
0.7379397978931087
0.613338051918658
0.7044005751580797
0.5883406168481113
0.6516040524132268
0.6392966522017881
0.5729641095411336
0.7246660777088408
0.7751399039097984
0.6792872304334903
0.5148134829060858
0.7416414224182766
0.5493167350971377
0.577075780435881
0.554506467501595
