0.5456537618699782
0.5303140978816654
0.545653761869978
0.5200876552227903
0.47626004382761133
0.49233016800584367
0.6369612856099343
0.5631848064280497
0.4579985390796202
0.4799123447772097
0.5208181154127101
0.5259313367421475
0.379108838568298
0.5405405405405406
0.6128560993425859
0.5471146822498174
0.4740686632578525
0.4368151935719503
0.5960555149744339
0.5529583637691746
0.5760024705201787
0.5897095784362838
0.5436317611858439
0.5167438118736901
0.48777123493464647
0.5030912769656589
0.6146296166555762
0.6456258349603217
0.5072294403256655
0.47644148926599184
0.5640973413687325
0.5544385562973877
0.4515644011932475
0.5326593941292501
0.6248510037125921
0.5252333799349379
0.5124441769829328
0.44100734912515044
0.6221022435991367
0.5218127623441198
